AGD_TSP:
TSP_04 -------------------------------------------------------
0;3;2;1;0;
7.00;
8;
00:00:00;

TSP_05 -------------------------------------------------------
0;4;3;2;1;0;
10.00;
12;
00:00:00;

TSP_06 -------------------------------------------------------
0;2;5;1;3;4;0;
11.00;
250;
00:00:00;

TSP_07 -------------------------------------------------------
0;2;4;6;5;3;1;0;
25.00;
271;
00:00:00;

TSP_08 -------------------------------------------------------
0;1;4;2;6;7;5;3;0;
41.00;
4809;
00:00:00;

TSP_09 -------------------------------------------------------
0;7;3;4;1;6;5;8;2;0;
36.00;
31658;
00:00:05;

TSP_10 -------------------------------------------------------
0;7;9;3;4;1;6;5;8;2;0;
32.00;
27716;
00:00:04;

TSP_11 -------------------------------------------------------
0;3;7;9;5;8;10;6;1;4;2;0;
34.00;
123344;
00:02:43;

TSP_15 -------------------------------------------------------
0;12;10;8;6;4;2;14;13;11;9;7;5;3;1;0;
15.00;
107;
00:00:00;


=========================================================================
TSP_IN:
Resultados Esperados para cada archivo:
01: -----------------------------------------------------------------------------
5;	5;15;17;7;6;19;20;7;21;5;

123451
30;

02: -----------------------------------------------------------------------------
7;	25;5;20;28;30;5;5;5;25;27;29;23;24;25;26;5;21;27;5;23;5;

13245671
35;


03: -----------------------------------------------------------------------------
6;	5;15;17;7;6;6;19;20;7;3;21;5;4;7;8;
1263451
31;

04: -----------------------------------------------------------------------------
6;	5;5;5;5;5;5;5;5;5;5;5;5;5;5;5;
1234561		o cualquier otro orden.
30;

05: -----------------------------------------------------------------------------
12;
 7; 7;10;10; 6;10;93; 5; 9;60;52;
   36;26;10; 5; 9;54;10;36; 8;42;
       6; 8;96;41; 4;10;20;63;45;
          9; 8;13;71;39;47;21;10;
            14;28;95;41;73; 5;88;
                9; 7;36;44; 6;72;
                   7;15;41;65;55;
                     81;74;32;45;
                        12;36; 8;
                            5;32;
                              13;

1, 9, 12, 4, 3, 8, 7, 6, 2, 5, 11, 10, 1
1, 9, 12, 4, 6, 2, 7, 8, 3, 5, 11, 10, 1
83;


06: -----------------------------------------------------------------------------
9;
 7; 7;10;10; 6;10;93; 5;
   52;36;26;10; 5; 9;54;
      10;36; 8;42; 6; 8;
          4;10;20;63;45;
            13;71;39;47;
               28;95;41;
                  36;44;
                     15;

1 9 3 8 2 7 4 5 6 1

76;

07: -----------------------------------------------------------------------------
10;
1;2;3;2;3;2;3;2;1;
  1;2;3;2;3;2;3;2;
    1;2;3;2;3;2;3;
      1;2;3;2;3;2;
        1;2;3;2;3;
          1;2;3;2;
            1;2;3;
              1;2;
                1;

1 2 3 4 5 6 7 8 9 10 1
10


08: -----------------------------------------------------------------------------
10;
 1;20;30;20;30;20;30;20;1;
   20;30;20;30;20;30;20;1;
      20;20;30;20;30;20;1;
         30;20;30;20;30;1;
            20;20;30;20;1;
               30;20;30;1;
                  30;20;1;
                     30;1;
                        1;

1, 2, 10, 3, 4, 8, 6, 5, 7, 9, 1
1, 2, 3, 4, 6, 8, 10, 5, 7, 9, 1
143;

09: -----------------------------------------------------------------------------
10;
1;2;3;4;5;6;7;8;1;
  1;2;3;4;5;6;7;8;
    1;2;3;4;5;6;7;
      1;2;3;4;5;6;
        1;2;3;4;5;
          1;2;3;4;
            1;2;3;
              1;2;
                1;



1 2 3 4 5 6 7 9 10 1
10


10: -----------------------------------------------------------------------------
10;
1;2;3;4;5;6;7;8;1;
  7;2;3;4;5;6;7;1;
    6;2;3;4;5;6;1;
      7;2;3;4;5;1;
        8;2;3;4;1;
          9;2;3;1;
            7;2;1;
              6;1;
                1;

1 2 4 6 8 10 9 7 5 3 1
17

11: -----------------------------------------------------------------------------
15; 

1;2;2;2;2;2;2;2;2;2;2;1;2;2;
2;1;2;2;2;7;2;3;4;5;6;7;2;
2;1;2;2;2;6;2;3;4;5;6;1;
2;1;2;2;2;7;2;3;4;5;2;
2;1;2;2;2;8;2;3;4;2;
2;1;2;2;2;2;2;3;2;
2;1;2;2;2;2;2;2;
2;1;2;2;2;6;2;
7;1;3;4;5;2;
8;1;3;4;2;
9;1;3;2;
7;1;2;
6;2;
1;

1 2 4 6 8 10 12 14 15 3 5 7 9 11 13 1
costo 15.

12; -----------------------------------------------------------------------------
15;

2;2;2;1;2;2;2;2;2;2;2;2;1;2;
2;2;2;1;2;2;2;2;2;2;2;2;1;
2;2;2;1;2;2;2;1;2;2;2;2;
2;2;2;1;2;2;2;1;2;2;2;
2;2;2;2;1;2;2;2;2;2;
2;2;2;2;1;2;2;2;2;
2;2;2;2;1;2;2;2;
2;2;2;2;1;2;2;
2;2;2;1;1;2;
2;2;2;2;1;
2;2;2;2;
2;2;2;
2;2;
2;

1 5 10 15 2 6 11 3 7 12 4 8 13 9 14 1

Costo 15;






